                precision    recall  f1-score   support

      Adposhel     1.0000    1.0000    1.0000       144
         Agent     0.9561    0.9083    0.9316       120
       Allaple     0.9843    0.9766    0.9804       128
 Alueron.gen!J     1.0000    1.0000    1.0000        25
     Amonetize     0.9926    0.9781    0.9853       137
        Androm     0.9933    0.9867    0.9900       150
       Autorun     0.9789    0.9521    0.9653       146
     BrowseFox     0.9930    0.9860    0.9895       143
   C2LOP.gen!g     1.0000    1.0000    1.0000        25
Dialplatform.B     1.0000    1.0000    1.0000        25
        Dinwod     0.9932    0.9866    0.9899       149
          Elex     0.9933    0.9933    0.9933       150
        Expiro     0.8931    0.9404    0.9161       151
      Fakerean     1.0000    1.0000    1.0000        60
        Fasong     1.0000    1.0000    1.0000        86
       HackKMS     1.0000    1.0000    1.0000       149
          Hlux     1.0000    0.9933    0.9967       150
      Injector     1.0000    0.9586    0.9789       145
   InstallCore     0.9868    0.9933    0.9900       150
    Lolyda.AA1     1.0000    1.0000    1.0000        60
    Lolyda.AA2     1.0000    1.0000    1.0000        25
     MultiPlug     0.9586    0.9329    0.9456       149
    Neoreklami     0.9803    0.9933    0.9868       150
        Neshta     0.9032    0.9524    0.9272       147
        Regrun     1.0000    1.0000    1.0000       135
        Sality     0.8544    0.9060    0.8795       149
     Snarasite     1.0000    1.0000    1.0000       150
     Stantinko     1.0000    1.0000    1.0000       150
           VBA     1.0000    1.0000    1.0000       150
       VBKrypt     0.9931    0.9863    0.9897       146
        Vilsel     1.0000    1.0000    1.0000       146

      accuracy                         0.9784      3790
     macro avg     0.9824    0.9814    0.9818      3790
  weighted avg     0.9790    0.9784    0.9785      3790
