                precision    recall  f1-score   support

      Adposhel     0.3013    0.5000    0.3760       144
         Agent     0.0000    0.0000    0.0000       120
       Allaple     0.0000    0.0000    0.0000       128
 Alueron.gen!J     0.0000    0.0000    0.0000        25
     Amonetize     0.0000    0.0000    0.0000       137
        Androm     0.0870    0.0133    0.0231       150
       Autorun     0.0169    0.0616    0.0266       146
     BrowseFox     0.0000    0.0000    0.0000       143
   C2LOP.gen!g     0.0000    0.0000    0.0000        25
Dialplatform.B     0.0000    0.0000    0.0000        25
        Dinwod     0.0000    0.0000    0.0000       149
          Elex     1.0000    0.0133    0.0263       150
        Expiro     0.3333    0.0066    0.0130       151
      Fakerean     0.0000    0.0000    0.0000        60
        Fasong     0.0000    0.0000    0.0000        86
       HackKMS     0.1055    0.6040    0.1796       149
          Hlux     0.9198    0.9933    0.9551       150
      Injector     0.2259    0.5172    0.3145       145
   InstallCore     0.0000    0.0000    0.0000       150
    Lolyda.AA1     0.0000    0.0000    0.0000        60
    Lolyda.AA2     0.1894    1.0000    0.3185        25
     MultiPlug     0.0000    0.0000    0.0000       149
    Neoreklami     0.3325    0.8867    0.4836       150
        Neshta     0.0000    0.0000    0.0000       147
        Regrun     0.0000    0.0000    0.0000       135
        Sality     0.0714    0.0268    0.0390       149
     Snarasite     0.0000    0.0000    0.0000       150
     Stantinko     0.2022    0.8533    0.3269       150
           VBA     0.9036    1.0000    0.9494       150
       VBKrypt     0.0000    0.0000    0.0000       146
        Vilsel     0.6033    1.0000    0.7526       146

      accuracy                         0.2602      3790
     macro avg     0.1707    0.2412    0.1543      3790
  weighted avg     0.2018    0.2602    0.1770      3790
